#ifdef LOCAL
#include "task_selection.h"
#include "checker.h"
#else
#define nice2_precalc task
#endif

#define _CRT_SECURE_NO_WARNINGS

#include <iostream>
#include <cstdio>
#include <string>
#include <cstring>
#include <cstdlib>
#include <algorithm>
#include <vector>
#include <map>
#include <set>
#include <string>
#include <cmath>
#include <fstream>
#include <queue>
#include <stack>
#include <cassert>
#include <complex>
#include <bitset>
#include <deque>
#include <unordered_set>
#include <unordered_map>
#include <list>

#include <forward_list>
#include <numeric>
#include <functional>
#include <initializer_list>

using namespace std;

namespace nice2_precalc {

#if defined(_DEBUG)
#define debug printf
#define reader scanf
#define error(...) fprintf(stderr,__VA_ARGS__)

	void wait() {
		fclose(stdin);
		fclose(stdout);
		freopen("CON", "r", stdin);
		freopen("CON", "w", stdout);
		system("pause");
	}
#else
#define debug ;
#define reader ;
#define error ;
	void wait() {}
#endif

	typedef long long ll;
	typedef long double ld;
#define mp make_pair
#define write(a, c) for (auto i : a) cout << i << c;
#define all(a) (a).begin(), (a).end()

	const int K = 18;
	const ll MAXN = 1e6;
	const int INF = 2e9 + 1;
	const ll LONG_INF = 8e18;
	const ll MOD = 1e9 + 7;
	const ld e = 1e-9;
	const ll C = 500;
	const ll dx[4] = { -1, 0, 1, 0 };
	const ll dy[4] = { 0, 1, 0, -1 };

	unsigned int dp[400][400];

	int main() {
		dp[1][1] = 2;
		dp[2][1] = 4;
		dp[1][2] = 4;
		dp[3][1] = 8;
		dp[1][3] = 8;
		dp[4][1] = 16;
		dp[2][2] = 14;
		dp[1][4] = 16;
		dp[5][1] = 32;
		dp[1][5] = 32;
		dp[6][1] = 64;
		dp[3][2] = 50;
		dp[2][3] = 50;
		dp[1][6] = 64;
		dp[7][1] = 128;
		dp[1][7] = 128;
		dp[8][1] = 256;
		dp[4][2] = 178;
		dp[2][4] = 178;
		dp[1][8] = 256;
		dp[9][1] = 512;
		dp[3][3] = 322;
		dp[1][9] = 512;
		dp[10][1] = 1024;
		dp[5][2] = 634;
		dp[2][5] = 634;
		dp[1][10] = 1024;
		dp[11][1] = 2048;
		dp[1][11] = 2048;
		dp[12][1] = 4096;
		dp[6][2] = 2258;
		dp[4][3] = 2066;
		dp[3][4] = 2066;
		dp[2][6] = 2258;
		dp[1][12] = 4096;
		dp[13][1] = 8192;
		dp[1][13] = 8192;
		dp[14][1] = 16384;
		dp[7][2] = 8042;
		dp[2][7] = 8042;
		dp[1][14] = 16384;
		dp[15][1] = 32768;
		dp[5][3] = 13262;
		dp[3][5] = 13262;
		dp[1][15] = 32768;
		dp[16][1] = 65536;
		dp[8][2] = 28642;
		dp[4][4] = 23858;
		dp[2][8] = 28642;
		dp[1][16] = 65536;
		dp[17][1] = 131072;
		dp[1][17] = 131072;
		dp[18][1] = 262144;
		dp[9][2] = 102010;
		dp[6][3] = 85126;
		dp[3][6] = 85126;
		dp[2][9] = 102010;
		dp[1][18] = 262144;
		dp[19][1] = 524288;
		dp[1][19] = 524288;
		dp[20][1] = 1048576;
		dp[10][2] = 363314;
		dp[5][4] = 275690;
		dp[4][5] = 275690;
		dp[2][10] = 363314;
		dp[1][20] = 1048576;
		dp[21][1] = 2097152;
		dp[7][3] = 546410;
		dp[3][7] = 546410;
		dp[1][21] = 2097152;
		dp[22][1] = 4194304;
		dp[11][2] = 1293962;
		dp[2][11] = 1293962;
		dp[1][22] = 4194304;
		dp[23][1] = 8388608;
		dp[1][23] = 8388608;
		dp[24][1] = 16777216;
		dp[12][2] = 4608514;
		dp[8][3] = 3507314;
		dp[6][4] = 3185462;
		dp[4][6] = 3185462;
		dp[3][8] = 3507314;
		dp[2][12] = 4608514;
		dp[1][24] = 16777216;
		dp[25][1] = 33554432;
		dp[5][5] = 5735478;
		dp[1][25] = 33554432;
		dp[26][1] = 67108864;
		dp[13][2] = 16413466;
		dp[2][13] = 16413466;
		dp[1][26] = 67108864;
		dp[27][1] = 134217728;
		dp[9][3] = 22512862;
		dp[3][9] = 22512862;
		dp[1][27] = 134217728;
		dp[28][1] = 268435456;
		dp[14][2] = 58457426;
		dp[7][4] = 36806846;
		dp[4][7] = 36806846;
		dp[2][14] = 58457426;
		dp[1][28] = 268435456;
		dp[29][1] = 536870912;
		dp[1][29] = 536870912;
		dp[30][1] = 1073741824;
		dp[15][2] = 208199210;
		dp[10][3] = 144506294;
		dp[6][5] = 119310334;
		dp[5][6] = 119310334;
		dp[3][10] = 144506294;
		dp[2][15] = 208199210;
		dp[1][30] = 1073741824;
		dp[31][1] = 1073741823;
		dp[1][31] = 1073741823;
		dp[32][1] = 1073741821;
		dp[16][2] = 741512482;
		dp[8][4] = 425288998;
		dp[4][8] = 425288998;
		dp[2][16] = 741512482;
		dp[1][32] = 1073741821;
		dp[33][1] = 1073741817;
		dp[11][3] = 927561722;
		dp[3][11] = 927561722;
		dp[1][33] = 1073741817;
		dp[34][1] = 1073741809;
		dp[17][2] = 493452216;
		dp[2][17] = 493452216;
		dp[1][34] = 1073741809;
		dp[35][1] = 1073741793;
		dp[7][5] = 334458704;
		dp[5][7] = 334458704;
		dp[1][35] = 1073741793;
		dp[36][1] = 1073741761;
		dp[18][2] = 815897962;
		dp[12][3] = 585154365;
		dp[9][4] = 619085062;
		dp[6][6] = 173285114;
		dp[4][9] = 619085062;
		dp[3][12] = 585154365;
		dp[2][18] = 815897962;
		dp[1][36] = 1073741761;
		dp[37][1] = 1073741697;
		dp[1][37] = 1073741697;
		dp[38][1] = 1073741569;
		dp[19][2] = 213372843;
		dp[2][19] = 213372843;
		dp[1][38] = 1073741569;
		dp[39][1] = 1073741313;
		dp[13][3] = 635889643;
		dp[3][13] = 635889643;
		dp[1][39] = 1073741313;
		dp[40][1] = 1073740801;
		dp[20][2] = 124430803;
		dp[10][4] = 945426574;
		dp[8][5] = 90695590;
		dp[5][8] = 90695590;
		dp[4][10] = 945426574;
		dp[2][20] = 124430803;
		dp[1][40] = 1073740801;
		dp[41][1] = 1073739777;
		dp[1][41] = 1073739777;
		dp[42][1] = 1073737729;
		dp[21][2] = 800038095;
		dp[14][3] = 494452034;
		dp[7][6] = 911351667;
		dp[6][7] = 911351667;
		dp[3][14] = 494452034;
		dp[2][21] = 800038095;
		dp[1][42] = 1073737729;
		dp[43][1] = 1073733633;
		dp[1][43] = 1073733633;
		dp[44][1] = 1073725441;
		dp[22][2] = 501492241;
		dp[11][4] = 15016263;
		dp[4][11] = 15016263;
		dp[2][22] = 501492241;
		dp[1][44] = 1073725441;
		dp[45][1] = 1073709057;
		dp[15][3] = 482846928;
		dp[9][5] = 291476458;
		dp[5][9] = 291476458;
		dp[3][15] = 482846928;
		dp[1][45] = 1073709057;
		dp[46][1] = 1073676289;
		dp[23][2] = 957069263;
		dp[2][23] = 957069263;
		dp[1][46] = 1073676289;
		dp[47][1] = 1073610753;
		dp[1][47] = 1073610753;
		dp[48][1] = 1073479681;
		dp[24][2] = 652966796;
		dp[16][3] = 961174734;
		dp[12][4] = 36143586;
		dp[8][6] = 763177734;
		dp[6][8] = 763177734;
		dp[4][12] = 36143586;
		dp[3][16] = 961174734;
		dp[2][24] = 652966796;
		dp[1][48] = 1073479681;
		dp[49][1] = 1073217537;
		dp[7][7] = 35393966;
		dp[1][49] = 1073217537;
		dp[50][1] = 1072693249;
		dp[25][2] = 651813439;
		dp[10][5] = 30793562;
		dp[5][10] = 30793562;
		dp[2][25] = 651813439;
		dp[1][50] = 1072693249;
		dp[51][1] = 1071644673;
		dp[17][3] = 857975995;
		dp[3][17] = 857975995;
		dp[1][51] = 1071644673;
		dp[52][1] = 1069547521;
		dp[26][2] = 40148434;
		dp[13][4] = 1071043415;
		dp[4][13] = 1071043415;
		dp[2][26] = 40148434;
		dp[1][52] = 1069547521;
		dp[53][1] = 1065353217;
		dp[1][53] = 1065353217;
		dp[54][1] = 1056964609;
		dp[27][2] = 350330355;
		dp[18][3] = 623235366;
		dp[9][6] = 436304595;
		dp[6][9] = 436304595;
		dp[3][18] = 623235366;
		dp[2][27] = 350330355;
		dp[1][54] = 1056964609;
		dp[55][1] = 1040187393;
		dp[11][5] = 597448518;
		dp[5][11] = 597448518;
		dp[1][55] = 1040187393;
		dp[56][1] = 1006632961;
		dp[28][2] = 57546108;
		dp[14][4] = 592749523;
		dp[8][7] = 167701464;
		dp[7][8] = 167701464;
		dp[4][14] = 592749523;
		dp[2][28] = 57546108;
		dp[1][56] = 1006632961;
		dp[57][1] = 939524097;
		dp[19][3] = 96023413;
		dp[3][19] = 96023413;
		dp[1][57] = 939524097;
		dp[58][1] = 805306369;
		dp[29][2] = 873299034;
		dp[2][29] = 873299034;
		dp[1][58] = 805306369;
		dp[59][1] = 536870913;
		dp[1][59] = 536870913;
		dp[60][1] = 1;
		dp[30][2] = 587505668;
		dp[20][3] = 729894586;
		dp[15][4] = 416276351;
		dp[12][5] = 357727711;
		dp[10][6] = 722829720;
		dp[6][10] = 722829720;
		dp[5][12] = 357727711;
		dp[4][15] = 416276351;
		dp[3][20] = 729894586;
		dp[2][30] = 587505668;
		dp[1][60] = 1;
		dp[61][1] = 2;
		dp[1][61] = 2;
		dp[62][1] = 4;
		dp[31][2] = 287889597;
		dp[2][31] = 287889597;
		dp[1][62] = 4;
		dp[63][1] = 8;
		dp[21][3] = 199741548;
		dp[9][7] = 345325525;
		dp[7][9] = 345325525;
		dp[3][21] = 199741548;
		dp[1][63] = 8;
		dp[64][1] = 16;
		dp[32][2] = 964938302;
		dp[16][4] = 77857554;
		dp[8][8] = 200727159;
		dp[4][16] = 77857554;
		dp[2][32] = 964938302;
		dp[1][64] = 16;
		dp[65][1] = 32;
		dp[13][5] = 1030160836;
		dp[5][13] = 1030160836;
		dp[1][65] = 32;
		dp[66][1] = 64;
		dp[33][2] = 249368625;
		dp[22][3] = 1048602570;
		dp[11][6] = 711976380;
		dp[6][11] = 711976380;
		dp[3][22] = 1048602570;
		dp[2][33] = 249368625;
		dp[1][66] = 64;
		dp[67][1] = 128;
		dp[1][67] = 128;
		dp[68][1] = 256;
		dp[34][2] = 530498829;
		dp[17][4] = 247689040;
		dp[4][17] = 247689040;
		dp[2][34] = 530498829;
		dp[1][68] = 256;
		dp[69][1] = 512;
		dp[23][3] = 62341767;
		dp[3][23] = 62341767;
		dp[1][69] = 512;
		dp[70][1] = 1024;
		dp[35][2] = 1016491912;
		dp[14][5] = 792068774;
		dp[10][7] = 694557454;
		dp[7][10] = 694557454;
		dp[5][14] = 792068774;
		dp[2][35] = 1016491912;
		dp[1][70] = 1024;
		dp[71][1] = 2048;
		dp[1][71] = 2048;
		dp[72][1] = 4096;
		dp[36][2] = 889247919;
		dp[24][3] = 972891566;
		dp[18][4] = 36743464;
		dp[12][6] = 968691054;
		dp[9][8] = 586545036;
		dp[8][9] = 586545036;
		dp[6][12] = 968691054;
		dp[4][18] = 36743464;
		dp[3][24] = 972891566;
		dp[2][36] = 889247919;
		dp[1][72] = 4096;
		dp[73][1] = 8192;
		dp[1][73] = 8192;
		dp[74][1] = 16384;
		dp[37][2] = 405760281;
		dp[2][37] = 405760281;
		dp[1][74] = 16384;
		dp[75][1] = 32768;
		dp[25][3] = 705944082;
		dp[15][5] = 974465539;
		dp[5][15] = 974465539;
		dp[3][25] = 705944082;
		dp[1][75] = 32768;
		dp[76][1] = 65536;
		dp[38][2] = 848293031;
		dp[19][4] = 234879760;
		dp[4][19] = 234879760;
		dp[2][38] = 848293031;
		dp[1][76] = 65536;
		dp[77][1] = 131072;
		dp[11][7] = 874948463;
		dp[7][11] = 874948463;
		dp[1][77] = 131072;
		dp[78][1] = 262144;
		dp[39][2] = 135174180;
		dp[26][3] = 587204706;
		dp[13][6] = 571536179;
		dp[6][13] = 571536179;
		dp[3][26] = 587204706;
		dp[2][39] = 135174180;
		dp[1][78] = 262144;
		dp[79][1] = 524288;
		dp[1][79] = 524288;
		dp[80][1] = 1048576;
		dp[40][2] = 1028366777;
		dp[20][4] = 1024164878;
		dp[16][5] = 506272358;
		dp[10][8] = 1013558899;
		dp[8][10] = 1013558899;
		dp[5][16] = 506272358;
		dp[4][20] = 1024164878;
		dp[2][40] = 1028366777;
		dp[1][80] = 1048576;
		dp[81][1] = 2097152;
		dp[27][3] = 474051875;
		dp[9][9] = 10014095;
		dp[3][27] = 474051875;
		dp[1][81] = 2097152;
		dp[82][1] = 4194304;
		dp[41][2] = 134223216;
		dp[2][41] = 134223216;
		dp[1][82] = 4194304;
		dp[83][1] = 8388608;
		dp[1][83] = 8388608;
		dp[84][1] = 16777216;
		dp[42][2] = 311919552;
		dp[28][3] = 1046553554;
		dp[21][4] = 917369518;
		dp[14][6] = 15182188;
		dp[12][7] = 156109328;
		dp[7][12] = 156109328;
		dp[6][14] = 15182188;
		dp[4][21] = 917369518;
		dp[3][28] = 1046553554;
		dp[2][42] = 311919552;
		dp[1][84] = 16777216;
		dp[85][1] = 33554432;
		dp[17][5] = 643769299;
		dp[5][17] = 643769299;
		dp[1][85] = 33554432;
		dp[86][1] = 67108864;
		dp[43][2] = 130463263;
		dp[2][43] = 130463263;
		dp[1][86] = 67108864;
		dp[87][1] = 134217728;
		dp[29][3] = 84616587;
		dp[3][29] = 84616587;
		dp[1][87] = 134217728;
		dp[88][1] = 268435456;
		dp[44][2] = 1015228893;
		dp[22][4] = 907664205;
		dp[11][8] = 803926546;
		dp[8][11] = 803926546;
		dp[4][22] = 907664205;
		dp[2][44] = 1015228893;
		dp[1][88] = 268435456;
		dp[89][1] = 536870912;
		dp[1][89] = 536870912;
		dp[90][1] = 1073741824;
		dp[45][2] = 85387730;
		dp[30][3] = 551772784;
		dp[18][5] = 184304064;
		dp[15][6] = 615611552;
		dp[10][9] = 439395703;
		dp[9][10] = 439395703;
		dp[6][15] = 615611552;
		dp[5][18] = 184304064;
		dp[3][30] = 551772784;
		dp[2][45] = 85387730;
		dp[1][90] = 1073741824;
		dp[91][1] = 1073741823;
		dp[13][7] = 560619160;
		dp[7][13] = 560619160;
		dp[1][91] = 1073741823;
		dp[92][1] = 1073741821;
		dp[46][2] = 139137326;
		dp[23][4] = 237866709;
		dp[4][23] = 237866709;
		dp[2][46] = 139137326;
		dp[1][92] = 1073741821;
		dp[93][1] = 1073741817;
		dp[31][3] = 397637532;
		dp[3][31] = 397637532;
		dp[1][93] = 1073741817;
		dp[94][1] = 1073741809;
		dp[47][2] = 588187438;
		dp[2][47] = 588187438;
		dp[1][94] = 1073741809;
		dp[95][1] = 1073741793;
		dp[19][5] = 612802952;
		dp[5][19] = 612802952;
		dp[1][95] = 1073741793;
		dp[96][1] = 1073741761;
		dp[48][2] = 969095141;
		dp[32][3] = 650684895;
		dp[24][4] = 338570502;
		dp[16][6] = 227606139;
		dp[12][8] = 1027876269;
		dp[8][12] = 1027876269;
		dp[6][16] = 227606139;
		dp[4][24] = 338570502;
		dp[3][32] = 650684895;
		dp[2][48] = 969095141;
		dp[1][96] = 1073741761;
		dp[97][1] = 1073741697;
		dp[1][97] = 1073741697;
		dp[98][1] = 1073741569;
		dp[49][2] = 862434824;
		dp[14][7] = 422279141;
		dp[7][14] = 422279141;
		dp[2][49] = 862434824;
		dp[1][98] = 1073741569;
		dp[99][1] = 1073741313;
		dp[33][3] = 772250923;
		dp[11][9] = 929525011;
		dp[9][11] = 929525011;
		dp[3][33] = 772250923;
		dp[1][99] = 1073741313;
		dp[100][1] = 1073740801;
		dp[50][2] = 230527454;
		dp[25][4] = 892837304;
		dp[20][5] = 149271250;
		dp[10][10] = 146439608;
		dp[5][20] = 149271250;
		dp[4][25] = 892837304;
		dp[2][50] = 230527454;
		dp[1][100] = 1073740801;
		dp[101][1] = 1073739777;
		dp[1][101] = 1073739777;
		dp[102][1] = 1073737729;
		dp[51][2] = 268968360;
		dp[34][3] = 421576034;
		dp[17][6] = 60887377;
		dp[6][17] = 60887377;
		dp[3][34] = 421576034;
		dp[2][51] = 268968360;
		dp[1][102] = 1073737729;
		dp[103][1] = 1073733633;
		dp[1][103] = 1073733633;
		dp[104][1] = 1073725441;
		dp[52][2] = 194218163;
		dp[26][4] = 477288610;
		dp[13][8] = 96958732;
		dp[8][13] = 96958732;
		dp[4][26] = 477288610;
		dp[2][52] = 194218163;
		dp[1][104] = 1073725441;
		dp[105][1] = 1073709057;
		dp[35][3] = 323613708;
		dp[21][5] = 65198375;
		dp[15][7] = 61050175;
		dp[7][15] = 61050175;
		dp[5][21] = 65198375;
		dp[3][35] = 323613708;
		dp[1][105] = 1073709057;
		dp[106][1] = 1073676289;
		dp[53][2] = 46849384;
		dp[2][53] = 46849384;
		dp[1][106] = 1073676289;
		dp[107][1] = 1073610753;
		dp[1][107] = 1073610753;
		dp[108][1] = 1073479681;
		dp[54][2] = 528984478;
		dp[36][3] = 588166679;
		dp[27][4] = 612578458;
		dp[18][6] = 1026376991;
		dp[12][9] = 640371992;
		dp[9][12] = 640371992;
		dp[6][18] = 1026376991;
		dp[4][27] = 612578458;
		dp[3][36] = 588166679;
		dp[2][54] = 528984478;
		dp[1][108] = 1073479681;
		dp[109][1] = 1073217537;
		dp[1][109] = 1073217537;
		dp[110][1] = 1072693249;
		dp[55][2] = 606910377;
		dp[22][5] = 575610907;
		dp[11][10] = 306237849;
		dp[10][11] = 306237849;
		dp[5][22] = 575610907;
		dp[2][55] = 606910377;
		dp[1][110] = 1072693249;
		dp[111][1] = 1071644673;
		dp[37][3] = 435463655;
		dp[3][37] = 435463655;
		dp[1][111] = 1071644673;
		dp[112][1] = 1069547521;
		dp[56][2] = 731216437;
		dp[28][4] = 478952083;
		dp[16][7] = 638213111;
		dp[14][8] = 1009866334;
		dp[8][14] = 1009866334;
		dp[7][16] = 638213111;
		dp[4][28] = 478952083;
		dp[2][56] = 731216437;
		dp[1][112] = 1069547521;
		dp[113][1] = 1065353217;
		dp[1][113] = 1065353217;
		dp[114][1] = 1056964609;
		dp[57][2] = 186244590;
		dp[38][3] = 508829076;
		dp[19][6] = 775960409;
		dp[6][19] = 775960409;
		dp[3][38] = 508829076;
		dp[2][57] = 186244590;
		dp[1][114] = 1056964609;
		dp[115][1] = 1040187393;
		dp[23][5] = 462134723;
		dp[5][23] = 462134723;
		dp[1][115] = 1040187393;
		dp[116][1] = 1006632961;
		dp[58][2] = 947424819;
		dp[29][4] = 121343276;
		dp[4][29] = 121343276;
		dp[2][58] = 947424819;
		dp[1][116] = 1006632961;
		dp[117][1] = 939524097;
		dp[39][3] = 1035548413;
		dp[13][9] = 363900865;
		dp[9][13] = 363900865;
		dp[3][39] = 1035548413;
		dp[1][117] = 939524097;
		dp[118][1] = 805306369;
		dp[59][2] = 1067279987;
		dp[2][59] = 1067279987;
		dp[1][118] = 805306369;
		dp[119][1] = 536870913;
		dp[17][7] = 207105166;
		dp[7][17] = 207105166;
		dp[1][119] = 536870913;
		dp[120][1] = 1;
		dp[60][2] = 801722299;
		dp[40][3] = 426399446;
		dp[30][4] = 416043359;
		dp[24][5] = 228866416;
		dp[20][6] = 554561239;
		dp[15][8] = 182299396;
		dp[12][10] = 782520195;
		dp[10][12] = 782520195;
		dp[8][15] = 182299396;
		dp[6][20] = 554561239;
		dp[5][24] = 228866416;
		dp[4][30] = 416043359;
		dp[3][40] = 426399446;
		dp[2][60] = 801722299;
		dp[1][120] = 1;
		dp[121][1] = 2;
		dp[11][11] = 17440752;
		dp[1][121] = 2;
		dp[122][1] = 4;
		dp[61][2] = 244759571;
		dp[2][61] = 244759571;
		dp[1][122] = 4;
		dp[123][1] = 8;
		dp[41][3] = 352416463;
		dp[3][41] = 352416463;
		dp[1][123] = 8;
		dp[124][1] = 16;
		dp[62][2] = 190239661;
		dp[31][4] = 223871532;
		dp[4][31] = 223871532;
		dp[2][62] = 190239661;
		dp[1][124] = 16;
		dp[125][1] = 32;
		dp[25][5] = 424248130;
		dp[5][25] = 424248130;
		dp[1][125] = 32;
		dp[126][1] = 64;
		dp[63][2] = 1060238125;
		dp[42][3] = 248858465;
		dp[21][6] = 443333477;
		dp[18][7] = 546233450;
		dp[14][9] = 432021937;
		dp[9][14] = 432021937;
		dp[7][18] = 546233450;
		dp[6][21] = 443333477;
		dp[3][42] = 248858465;
		dp[2][63] = 1060238125;
		dp[1][126] = 64;
		dp[127][1] = 128;
		dp[1][127] = 128;
		dp[128][1] = 256;
		dp[64][2] = 339968222;
		dp[32][4] = 690922528;
		dp[16][8] = 619751064;
		dp[8][16] = 619751064;
		dp[4][32] = 690922528;
		dp[2][64] = 339968222;
		dp[1][128] = 256;
		dp[129][1] = 512;
		dp[43][3] = 623859462;
		dp[3][43] = 623859462;
		dp[1][129] = 512;
		dp[130][1] = 1024;
		dp[65][2] = 992897266;
		dp[26][5] = 39121375;
		dp[13][10] = 604639267;
		dp[10][13] = 604639267;
		dp[5][26] = 39121375;
		dp[2][65] = 992897266;
		dp[1][130] = 1024;
		dp[131][1] = 2048;
		dp[1][131] = 2048;
		dp[132][1] = 4096;
		dp[66][2] = 437402767;
		dp[44][3] = 563673766;
		dp[33][4] = 693580115;
		dp[22][6] = 907908302;
		dp[12][11] = 974217644;
		dp[11][12] = 974217644;
		dp[6][22] = 907908302;
		dp[4][33] = 693580115;
		dp[3][44] = 563673766;
		dp[2][66] = 437402767;
		dp[1][132] = 4096;
		dp[133][1] = 8192;
		dp[19][7] = 811929821;
		dp[7][19] = 811929821;
		dp[1][133] = 8192;
		dp[134][1] = 16384;
		dp[67][2] = 76777358;
		dp[2][67] = 76777358;
		dp[1][134] = 16384;
		dp[135][1] = 32768;
		dp[45][3] = 460936752;
		dp[27][5] = 520802929;
		dp[15][9] = 452562196;
		dp[9][15] = 452562196;
		dp[5][27] = 520802929;
		dp[3][45] = 460936752;
		dp[1][135] = 32768;
		dp[136][1] = 65536;
		dp[68][2] = 31395783;
		dp[34][4] = 247427676;
		dp[17][8] = 691792110;
		dp[8][17] = 691792110;
		dp[4][34] = 247427676;
		dp[2][68] = 31395783;
		dp[1][136] = 65536;
		dp[137][1] = 131072;
		dp[1][137] = 131072;
		dp[138][1] = 262144;
		dp[69][2] = 247742065;
		dp[46][3] = 1061439236;
		dp[23][6] = 479212655;
		dp[6][23] = 479212655;
		dp[3][46] = 1061439236;
		dp[2][69] = 247742065;
		dp[1][138] = 262144;
		dp[139][1] = 524288;
		dp[1][139] = 524288;
		dp[140][1] = 1048576;
		dp[70][2] = 806017761;
		dp[35][4] = 596190534;
		dp[28][5] = 7662178;
		dp[20][7] = 144368674;
		dp[14][10] = 26783586;
		dp[10][14] = 26783586;
		dp[7][20] = 144368674;
		dp[5][28] = 7662178;
		dp[4][35] = 596190534;
		dp[2][70] = 806017761;
		dp[1][140] = 1048576;
		dp[141][1] = 2097152;
		dp[47][3] = 181647190;
		dp[3][47] = 181647190;
		dp[1][141] = 2097152;
		dp[142][1] = 4194304;
		dp[71][2] = 766053763;
		dp[2][71] = 766053763;
		dp[1][142] = 4194304;
		dp[143][1] = 8388608;
		dp[13][11] = 525573653;
		dp[11][13] = 525573653;
		dp[1][143] = 8388608;
		dp[144][1] = 16777216;
		dp[72][2] = 688971336;
		dp[48][3] = 131101869;
		dp[36][4] = 1030893011;
		dp[24][6] = 570000010;
		dp[18][8] = 529044610;
		dp[16][9] = 560349578;
		dp[12][12] = 610837507;
		dp[9][16] = 560349578;
		dp[8][18] = 529044610;
		dp[6][24] = 570000010;
		dp[4][36] = 1030893011;
		dp[3][48] = 131101869;
		dp[2][72] = 688971336;
		dp[1][144] = 16777216;
		dp[145][1] = 33554432;
		dp[29][5] = 43113906;
		dp[5][29] = 43113906;
		dp[1][145] = 33554432;
		dp[146][1] = 67108864;
		dp[73][2] = 377796059;
		dp[2][73] = 377796059;
		dp[1][146] = 67108864;
		dp[147][1] = 134217728;
		dp[49][3] = 282416137;
		dp[21][7] = 39619792;
		dp[7][21] = 39619792;
		dp[3][49] = 282416137;
		dp[1][147] = 134217728;
		dp[148][1] = 268435456;
		dp[74][2] = 363847199;
		dp[37][4] = 682994543;
		dp[4][37] = 682994543;
		dp[2][74] = 363847199;
		dp[1][148] = 268435456;
		dp[149][1] = 536870912;
		dp[1][149] = 536870912;
		dp[150][1] = 1073741824;
		dp[75][2] = 773391890;
		dp[50][3] = 650766224;
		dp[30][5] = 671248249;
		dp[25][6] = 116828880;
		dp[15][10] = 683650588;
		dp[10][15] = 683650588;
		dp[6][25] = 116828880;
		dp[5][30] = 671248249;
		dp[3][50] = 650766224;
		dp[2][75] = 773391890;
		dp[1][150] = 1073741824;
		dp[151][1] = 1073741823;
		dp[1][151] = 1073741823;
		dp[152][1] = 1073741821;
		dp[76][2] = 900386418;
		dp[38][4] = 168713176;
		dp[19][8] = 273414395;
		dp[8][19] = 273414395;
		dp[4][38] = 168713176;
		dp[2][76] = 900386418;
		dp[1][152] = 1073741821;
		dp[153][1] = 1073741817;
		dp[51][3] = 194674717;
		dp[17][9] = 367985330;
		dp[9][17] = 367985330;
		dp[3][51] = 194674717;
		dp[1][153] = 1073741817;
		dp[154][1] = 1073741809;
		dp[77][2] = 1026717559;
		dp[22][7] = 114767483;
		dp[14][11] = 990459439;
		dp[11][14] = 990459439;
		dp[7][22] = 114767483;
		dp[2][77] = 1026717559;
		dp[1][154] = 1073741809;
		dp[155][1] = 1073741793;
		dp[31][5] = 698428487;
		dp[5][31] = 698428487;
		dp[1][155] = 1073741793;
		dp[156][1] = 1073741761;
		dp[78][2] = 585958213;
		dp[52][3] = 408031050;
		dp[39][4] = 340553102;
		dp[26][6] = 238799464;
		dp[13][12] = 322126045;
		dp[12][13] = 322126045;
		dp[6][26] = 238799464;
		dp[4][39] = 340553102;
		dp[3][52] = 408031050;
		dp[2][78] = 585958213;
		dp[1][156] = 1073741761;
		dp[157][1] = 1073741697;
		dp[1][157] = 1073741697;
		dp[158][1] = 1073741569;
		dp[79][2] = 590084282;
		dp[2][79] = 590084282;
		dp[1][158] = 1073741569;
		dp[159][1] = 1073741313;
		dp[53][3] = 656936178;
		dp[3][53] = 656936178;
		dp[1][159] = 1073741313;
		dp[160][1] = 1073740801;
		dp[80][2] = 794685622;
		dp[40][4] = 639381479;
		dp[32][5] = 605930573;
		dp[20][8] = 761429881;
		dp[16][10] = 384011662;
		dp[10][16] = 384011662;
		dp[8][20] = 761429881;
		dp[5][32] = 605930573;
		dp[4][40] = 639381479;
		dp[2][80] = 794685622;
		dp[1][160] = 1073740801;
		dp[161][1] = 1073739777;
		dp[23][7] = 272920239;
		dp[7][23] = 272920239;
		dp[1][161] = 1073739777;
		dp[162][1] = 1073737729;
		dp[81][2] = 342999955;
		dp[54][3] = 481393484;
		dp[27][6] = 372438335;
		dp[18][9] = 205177423;
		dp[9][18] = 205177423;
		dp[6][27] = 372438335;
		dp[3][54] = 481393484;
		dp[2][81] = 342999955;
		dp[1][162] = 1073737729;
		dp[163][1] = 1073733633;
		dp[1][163] = 1073733633;
		dp[164][1] = 1073725441;
		dp[82][2] = 470887459;
		dp[41][4] = 640433407;
		dp[4][41] = 640433407;
		dp[2][82] = 470887459;
		dp[1][164] = 1073725441;
		dp[165][1] = 1073709057;
		dp[55][3] = 821881863;
		dp[33][5] = 618887114;
		dp[15][11] = 748903144;
		dp[11][15] = 748903144;
		dp[5][33] = 618887114;
		dp[3][55] = 821881863;
		dp[1][165] = 1073709057;
		dp[166][1] = 1073676289;
		dp[83][2] = 1024920462;
		dp[2][83] = 1024920462;
		dp[1][166] = 1073676289;
		dp[167][1] = 1073610753;
		dp[1][167] = 1073610753;
		dp[168][1] = 1073479681;
		dp[84][2] = 795310829;
		dp[56][3] = 766631974;
		dp[42][4] = 631749497;
		dp[28][6] = 54930246;
		dp[24][7] = 352288148;
		dp[21][8] = 179940286;
		dp[14][12] = 475346110;
		dp[12][14] = 475346110;
		dp[8][21] = 179940286;
		dp[7][24] = 352288148;
		dp[6][28] = 54930246;
		dp[4][42] = 631749497;
		dp[3][56] = 766631974;
		dp[2][84] = 795310829;
		dp[1][168] = 1073479681;
		dp[169][1] = 1073217537;
		dp[13][13] = 756270134;
		dp[1][169] = 1073217537;
		dp[170][1] = 1072693249;
		dp[85][2] = 140806111;
		dp[34][5] = 661413937;
		dp[17][10] = 774259418;
		dp[10][17] = 774259418;
		dp[5][34] = 661413937;
		dp[2][85] = 140806111;
		dp[1][170] = 1072693249;
		dp[171][1] = 1071644673;
		dp[57][3] = 733941340;
		dp[19][9] = 808714546;
		dp[9][19] = 808714546;
		dp[3][57] = 733941340;
		dp[1][171] = 1071644673;
		dp[172][1] = 1069547521;
		dp[86][2] = 939298166;
		dp[43][4] = 53489874;
		dp[4][43] = 53489874;
		dp[2][86] = 939298166;
		dp[1][172] = 1069547521;
		dp[173][1] = 1065353217;
		dp[1][173] = 1065353217;
		dp[174][1] = 1056964609;
		dp[87][2] = 952023070;
		dp[58][3] = 764812936;
		dp[29][6] = 813509316;
		dp[6][29] = 813509316;
		dp[3][58] = 764812936;
		dp[2][87] = 952023070;
		dp[1][174] = 1056964609;
		dp[175][1] = 1040187393;
		dp[35][5] = 346952986;
		dp[25][7] = 550865994;
		dp[7][25] = 550865994;
		dp[5][35] = 346952986;
		dp[1][175] = 1040187393;
		dp[176][1] = 1006632961;
		dp[88][2] = 439698242;
		dp[44][4] = 443636779;
		dp[22][8] = 664186020;
		dp[16][11] = 146209688;
		dp[11][16] = 146209688;
		dp[8][22] = 664186020;
		dp[4][44] = 443636779;
		dp[2][88] = 439698242;
		dp[1][176] = 1006632961;
		dp[177][1] = 939524097;
		dp[59][3] = 962470388;
		dp[3][59] = 962470388;
		dp[1][177] = 939524097;
		dp[178][1] = 805306369;
		dp[89][2] = 1915391;
		dp[2][89] = 1915391;
		dp[1][178] = 805306369;
		dp[179][1] = 536870913;
		dp[1][179] = 536870913;
		dp[180][1] = 1;
		dp[90][2] = 885142657;
		dp[60][3] = 158927506;
		dp[45][4] = 690053780;
		dp[36][5] = 121598684;
		dp[30][6] = 356006445;
		dp[20][9] = 304896681;
		dp[18][10] = 537331269;
		dp[15][12] = 690179635;
		dp[12][15] = 690179635;
		dp[10][18] = 537331269;
		dp[9][20] = 304896681;
		dp[6][30] = 356006445;
		dp[5][36] = 121598684;
		dp[4][45] = 690053780;
		dp[3][60] = 158927506;
		dp[2][90] = 885142657;
		dp[1][180] = 1;
		dp[181][1] = 2;
		dp[1][181] = 2;
		dp[182][1] = 4;
		dp[91][2] = 511775103;
		dp[26][7] = 384666604;
		dp[14][13] = 773633906;
		dp[13][14] = 773633906;
		dp[7][26] = 384666604;
		dp[2][91] = 511775103;
		dp[1][182] = 4;
		dp[183][1] = 8;
		dp[61][3] = 163866678;
		dp[3][61] = 163866678;
		dp[1][183] = 8;
		dp[184][1] = 16;
		dp[92][2] = 84385148;
		dp[46][4] = 820968372;
		dp[23][8] = 82054322;
		dp[8][23] = 82054322;
		dp[4][46] = 820968372;
		dp[2][92] = 84385148;
		dp[1][184] = 16;
		dp[185][1] = 32;
		dp[37][5] = 161045905;
		dp[5][37] = 161045905;
		dp[1][185] = 32;
		dp[186][1] = 64;
		dp[93][2] = 202963825;
		dp[62][3] = 608783635;
		dp[31][6] = 233929903;
		dp[6][31] = 233929903;
		dp[3][62] = 608783635;
		dp[2][93] = 202963825;
		dp[1][186] = 64;
		dp[187][1] = 128;
		dp[17][11] = 771657362;
		dp[11][17] = 771657362;
		dp[1][187] = 128;
		dp[188][1] = 256;
		dp[94][2] = 777661771;
		dp[47][4] = 37559342;
		dp[4][47] = 37559342;
		dp[2][94] = 777661771;
		dp[1][188] = 256;
		dp[189][1] = 512;
		dp[63][3] = 605221357;
		dp[27][7] = 80158146;
		dp[21][9] = 476140437;
		dp[9][21] = 476140437;
		dp[7][27] = 80158146;
		dp[3][63] = 605221357;
		dp[1][189] = 512;
		dp[190][1] = 1024;
		dp[95][2] = 591429313;
		dp[38][5] = 719170282;
		dp[19][10] = 204608041;
		dp[10][19] = 204608041;
		dp[5][38] = 719170282;
		dp[2][95] = 591429313;
		dp[1][190] = 1024;
		dp[191][1] = 2048;
		dp[1][191] = 2048;
		dp[192][1] = 4096;
		dp[96][2] = 108386006;
		dp[64][3] = 834978391;
		dp[48][4] = 160065352;
		dp[32][6] = 716092800;
		dp[24][8] = 566986614;
		dp[16][12] = 344242715;
		dp[12][16] = 344242715;
		dp[8][24] = 566986614;
		dp[6][32] = 716092800;
		dp[4][48] = 160065352;
		dp[3][64] = 834978391;
		dp[2][96] = 108386006;
		dp[1][192] = 4096;
		dp[193][1] = 8192;
		dp[1][193] = 8192;
		dp[194][1] = 16384;
		dp[97][2] = 434274819;
		dp[2][97] = 434274819;
		dp[1][194] = 16384;
		dp[195][1] = 32768;
		dp[65][3] = 239258022;
		dp[39][5] = 625048610;
		dp[15][13] = 415753406;
		dp[13][15] = 415753406;
		dp[5][39] = 625048610;
		dp[3][65] = 239258022;
		dp[1][195] = 32768;
		dp[196][1] = 65536;
		dp[98][2] = 445854644;
		dp[49][4] = 171240130;
		dp[28][7] = 570069903;
		dp[14][14] = 472559199;
		dp[7][28] = 570069903;
		dp[4][49] = 171240130;
		dp[2][98] = 445854644;
		dp[1][196] = 65536;
		dp[197][1] = 131072;
		dp[1][197] = 131072;
		dp[198][1] = 262144;
		dp[99][2] = 58629920;
		dp[66][3] = 582556941;
		dp[33][6] = 49208126;
		dp[22][9] = 954803232;
		dp[18][11] = 959441172;
		dp[11][18] = 959441172;
		dp[9][22] = 954803232;
		dp[6][33] = 49208126;
		dp[3][66] = 582556941;
		dp[2][99] = 58629920;
		dp[1][198] = 262144;
		dp[199][1] = 524288;
		dp[1][199] = 524288;
		dp[200][1] = 1048576;
		dp[100][2] = 1067599048;
		dp[50][4] = 48726788;
		dp[40][5] = 489256484;
		dp[25][8] = 416657370;
		dp[20][10] = 1033545328;
		dp[10][20] = 1033545328;
		dp[8][25] = 416657370;
		dp[5][40] = 489256484;
		dp[4][50] = 48726788;
		dp[2][100] = 1067599048;
		dp[1][200] = 1048576;
		dp[201][1] = 2097152;
		dp[67][3] = 395675280;
		dp[3][67] = 395675280;
		dp[1][201] = 2097152;
		dp[202][1] = 4194304;
		dp[101][2] = 98831509;
		dp[2][101] = 98831509;
		dp[1][202] = 4194304;
		dp[203][1] = 8388608;
		dp[29][7] = 985682940;
		dp[7][29] = 985682940;
		dp[1][203] = 8388608;
		dp[204][1] = 16777216;
		dp[102][2] = 284208973;
		dp[68][3] = 421980984;
		dp[51][4] = 622955679;
		dp[34][6] = 248911636;
		dp[17][12] = 215929455;
		dp[12][17] = 215929455;
		dp[6][34] = 248911636;
		dp[4][51] = 622955679;
		dp[3][68] = 421980984;
		dp[2][102] = 284208973;
		dp[1][204] = 16777216;
		dp[205][1] = 33554432;
		dp[41][5] = 113674485;
		dp[5][41] = 113674485;
		dp[1][205] = 33554432;
		dp[206][1] = 67108864;
		dp[103][2] = 1050289937;
		dp[2][103] = 1050289937;
		dp[1][206] = 67108864;
		dp[207][1] = 134217728;
		dp[69][3] = 406314212;
		dp[23][9] = 50742054;
		dp[9][23] = 50742054;
		dp[3][69] = 406314212;
		dp[1][207] = 134217728;
		dp[208][1] = 268435456;
		dp[104][2] = 498062282;
		dp[52][4] = 180305821;
		dp[26][8] = 86200118;
		dp[16][13] = 422241885;
		dp[13][16] = 422241885;
		dp[8][26] = 86200118;
		dp[4][52] = 180305821;
		dp[2][104] = 498062282;
		dp[1][208] = 268435456;
		dp[209][1] = 536870912;
		dp[19][11] = 406003627;
		dp[11][19] = 406003627;
		dp[1][209] = 536870912;
		dp[210][1] = 1073741824;
		dp[105][2] = 373541245;
		dp[70][3] = 764994014;
		dp[42][5] = 18263821;
		dp[35][6] = 307872842;
		dp[30][7] = 865203291;
		dp[21][10] = 927515784;
		dp[15][14] = 634665169;
		dp[14][15] = 634665169;
		dp[10][21] = 927515784;
		dp[7][30] = 865203291;
		dp[6][35] = 307872842;
		dp[5][42] = 18263821;
		dp[3][70] = 764994014;
		dp[2][105] = 373541245;
		dp[1][210] = 1073741824;
		dp[211][1] = 1073741823;
		dp[1][211] = 1073741823;
		dp[212][1] = 1073741821;
		dp[106][2] = 1043006474;
		dp[53][4] = 792293558;
		dp[4][53] = 792293558;
		dp[2][106] = 1043006474;
		dp[1][212] = 1073741821;
		dp[213][1] = 1073741817;
		dp[71][3] = 669977452;
		dp[3][71] = 669977452;
		dp[1][213] = 1073741817;
		dp[214][1] = 1073741809;
		dp[107][2] = 654876437;
		dp[2][107] = 654876437;
		dp[1][214] = 1073741809;
		dp[215][1] = 1073741793;
		dp[43][5] = 416460804;
		dp[5][43] = 416460804;
		dp[1][215] = 1073741793;
		dp[216][1] = 1073741761;
		dp[108][2] = 829416784;
		dp[72][3] = 133509205;
		dp[54][4] = 502583791;
		dp[36][6] = 189176078;
		dp[27][8] = 794597561;
		dp[24][9] = 647963480;
		dp[18][12] = 52411008;
		dp[12][18] = 52411008;
		dp[9][24] = 647963480;
		dp[8][27] = 794597561;
		dp[6][36] = 189176078;
		dp[4][54] = 502583791;
		dp[3][72] = 133509205;
		dp[2][108] = 829416784;
		dp[1][216] = 1073741761;
		dp[217][1] = 1073741697;
		dp[31][7] = 85857128;
		dp[7][31] = 85857128;
		dp[1][217] = 1073741697;
		dp[218][1] = 1073741569;
		dp[109][2] = 576777751;
		dp[2][109] = 576777751;
		dp[1][218] = 1073741569;
		dp[219][1] = 1073741313;
		dp[73][3] = 207257733;
		dp[3][73] = 207257733;
		dp[1][219] = 1073741313;
		dp[220][1] = 1073740801;
		dp[110][2] = 167941346;
		dp[55][4] = 933914413;
		dp[44][5] = 584606047;
		dp[22][10] = 915035514;
		dp[20][11] = 362547759;
		dp[11][20] = 362547759;
		dp[10][22] = 915035514;
		dp[5][44] = 584606047;
		dp[4][55] = 933914413;
		dp[2][110] = 167941346;
		dp[1][220] = 1073740801;
		dp[221][1] = 1073739777;
		dp[17][13] = 575898004;
		dp[13][17] = 575898004;
		dp[1][221] = 1073739777;
		dp[222][1] = 1073737729;
		dp[111][2] = 583637715;
		dp[74][3] = 304119109;
		dp[37][6] = 858131404;
		dp[6][37] = 858131404;
		dp[3][74] = 304119109;
		dp[2][111] = 583637715;
		dp[1][222] = 1073737729;
		dp[223][1] = 1073733633;
		dp[1][223] = 1073733633;
		dp[224][1] = 1073725441;
		dp[112][2] = 1013054012;
		dp[56][4] = 179642384;
		dp[32][7] = 592409859;
		dp[28][8] = 748856911;
		dp[16][14] = 251807369;
		dp[14][16] = 251807369;
		dp[8][28] = 748856911;
		dp[7][32] = 592409859;
		dp[4][56] = 179642384;
		dp[2][112] = 1013054012;
		dp[1][224] = 1073725441;
		dp[225][1] = 1073709057;
		dp[75][3] = 31985793;
		dp[45][5] = 179752388;
		dp[25][9] = 262614440;
		dp[15][15] = 375125158;
		dp[9][25] = 262614440;
		dp[5][45] = 179752388;
		dp[3][75] = 31985793;
		dp[1][225] = 1073709057;
		dp[226][1] = 1073676289;
		dp[113][2] = 985211991;
		dp[2][113] = 985211991;
		dp[1][226] = 1073676289;
		dp[227][1] = 1073610753;
		dp[1][227] = 1073610753;
		dp[228][1] = 1073479681;
		dp[114][2] = 686776697;
		dp[76][3] = 689756619;
		dp[57][4] = 478994217;
		dp[38][6] = 1036448107;
		dp[19][12] = 300697745;
		dp[12][19] = 300697745;
		dp[6][38] = 1036448107;
		dp[4][57] = 478994217;
		dp[3][76] = 689756619;
		dp[2][114] = 686776697;
		dp[1][228] = 1073479681;
		dp[229][1] = 1073217537;
		dp[1][229] = 1073217537;
		dp[230][1] = 1072693249;
		dp[115][2] = 809528598;
		dp[46][5] = 451326207;
		dp[23][10] = 226228076;
		dp[10][23] = 226228076;
		dp[5][46] = 451326207;
		dp[2][115] = 809528598;
		dp[1][230] = 1072693249;
		dp[231][1] = 1071644673;
		dp[77][3] = 405033400;
		dp[33][7] = 714061793;
		dp[21][11] = 71052195;
		dp[11][21] = 71052195;
		dp[7][33] = 714061793;
		dp[3][77] = 405033400;
		dp[1][231] = 1071644673;
		dp[232][1] = 1069547521;
		dp[116][2] = 580913713;
		dp[58][4] = 432516586;
		dp[29][8] = 645274901;
		dp[8][29] = 645274901;
		dp[4][58] = 432516586;
		dp[2][116] = 580913713;
		dp[1][232] = 1069547521;
		dp[233][1] = 1065353217;
		dp[1][233] = 1065353217;
		dp[234][1] = 1056964609;
		dp[117][2] = 140572860;
		dp[78][3] = 140531371;
		dp[39][6] = 756421477;
		dp[26][9] = 917205248;
		dp[18][13] = 771830904;
		dp[13][18] = 771830904;
		dp[9][26] = 917205248;
		dp[6][39] = 756421477;
		dp[3][78] = 140531371;
		dp[2][117] = 140572860;
		dp[1][234] = 1056964609;
		dp[235][1] = 1040187393;
		dp[47][5] = 348022766;
		dp[5][47] = 348022766;
		dp[1][235] = 1040187393;
		dp[236][1] = 1006632961;
		dp[118][2] = 509804181;
		dp[59][4] = 94441799;
		dp[4][59] = 94441799;
		dp[2][118] = 509804181;
		dp[1][236] = 1006632961;
		dp[237][1] = 939524097;
		dp[79][3] = 678775188;
		dp[3][79] = 678775188;
		dp[1][237] = 939524097;
		dp[238][1] = 805306369;
		dp[119][2] = 736816438;
		dp[34][7] = 59205842;
		dp[17][14] = 701371007;
		dp[14][17] = 701371007;
		dp[7][34] = 59205842;
		dp[2][119] = 736816438;
		dp[1][238] = 805306369;
		dp[239][1] = 536870913;
		dp[1][239] = 536870913;
		dp[240][1] = 1;
		dp[120][2] = 8832201;
		dp[80][3] = 462952966;
		dp[60][4] = 544173112;
		dp[48][5] = 680071760;
		dp[40][6] = 496579399;
		dp[30][8] = 837604474;
		dp[24][10] = 261257487;
		dp[20][12] = 233565932;
		dp[16][15] = 367060492;
		dp[15][16] = 367060492;
		dp[12][20] = 233565932;
		dp[10][24] = 261257487;
		dp[8][30] = 837604474;
		dp[6][40] = 496579399;
		dp[5][48] = 680071760;
		dp[4][60] = 544173112;
		dp[3][80] = 462952966;
		dp[2][120] = 8832201;
		dp[1][240] = 1;
		dp[241][1] = 2;
		dp[1][241] = 2;
		dp[242][1] = 4;
		dp[121][2] = 426387654;
		dp[22][11] = 551854612;
		dp[11][22] = 551854612;
		dp[2][121] = 426387654;
		dp[1][242] = 4;
		dp[243][1] = 8;
		dp[81][3] = 238013318;
		dp[27][9] = 603611462;
		dp[9][27] = 603611462;
		dp[3][81] = 238013318;
		dp[1][243] = 8;
		dp[244][1] = 16;
		dp[122][2] = 223085539;
		dp[61][4] = 347416906;
		dp[4][61] = 347416906;
		dp[2][122] = 223085539;
		dp[1][244] = 16;
		dp[245][1] = 32;
		dp[49][5] = 200020348;
		dp[35][7] = 543022393;
		dp[7][35] = 543022393;
		dp[5][49] = 200020348;
		dp[1][245] = 32;
		dp[246][1] = 64;
		dp[123][2] = 448290100;
		dp[82][3] = 385646605;
		dp[41][6] = 878172140;
		dp[6][41] = 878172140;
		dp[3][82] = 385646605;
		dp[2][123] = 448290100;
		dp[1][246] = 64;
		dp[247][1] = 128;
		dp[19][13] = 1051104360;
		dp[13][19] = 1051104360;
		dp[1][247] = 128;
		dp[248][1] = 256;
		dp[124][2] = 717299553;
		dp[62][4] = 9584202;
		dp[31][8] = 23808347;
		dp[8][31] = 23808347;
		dp[4][62] = 9584202;
		dp[2][124] = 717299553;
		dp[1][248] = 256;
		dp[249][1] = 512;
		dp[83][3] = 1028271827;
		dp[3][83] = 1028271827;
		dp[1][249] = 512;
		dp[250][1] = 1024;
		dp[125][2] = 900995209;
		dp[50][5] = 402630107;
		dp[25][10] = 994080129;
		dp[10][25] = 994080129;
		dp[5][50] = 402630107;
		dp[2][125] = 900995209;
		dp[1][250] = 1024;
		dp[251][1] = 2048;
		dp[1][251] = 2048;
		dp[252][1] = 4096;
		dp[126][2] = 916359258;
		dp[84][3] = 408093191;
		dp[63][4] = 538390806;
		dp[42][6] = 966711602;
		dp[36][7] = 322108598;
		dp[28][9] = 234768751;
		dp[21][12] = 41741104;
		dp[18][14] = 956528130;
		dp[14][18] = 956528130;
		dp[12][21] = 41741104;
		dp[9][28] = 234768751;
		dp[7][36] = 322108598;
		dp[6][42] = 966711602;
		dp[4][63] = 538390806;
		dp[3][84] = 408093191;
		dp[2][126] = 916359258;
		dp[1][252] = 4096;
		dp[253][1] = 8192;
		dp[23][11] = 17292646;
		dp[11][23] = 17292646;
		dp[1][253] = 8192;
		dp[254][1] = 16384;
		dp[127][2] = 256100892;
		dp[2][127] = 256100892;
		dp[1][254] = 16384;
		dp[255][1] = 32768;
		dp[85][3] = 467114117;
		dp[51][5] = 810464320;
		dp[17][15] = 341142700;
		dp[15][17] = 341142700;
		dp[5][51] = 810464320;
		dp[3][85] = 467114117;
		dp[1][255] = 32768;
		dp[256][1] = 65536;
		dp[128][2] = 453537542;
		dp[64][4] = 963789131;
		dp[32][8] = 334418192;
		dp[16][16] = 589311468;
		dp[8][32] = 334418192;
		dp[4][64] = 963789131;
		dp[2][128] = 453537542;
		dp[1][256] = 65536;
		dp[257][1] = 131072;
		dp[1][257] = 131072;
		dp[258][1] = 262144;
		dp[129][2] = 799072585;
		dp[86][3] = 896678796;
		dp[43][6] = 198818879;
		dp[6][43] = 198818879;
		dp[3][86] = 896678796;
		dp[2][129] = 799072585;
		dp[1][258] = 262144;
		dp[259][1] = 524288;
		dp[37][7] = 409199163;
		dp[7][37] = 409199163;
		dp[1][259] = 524288;
		dp[260][1] = 1048576;
		dp[130][2] = 83067364;
		dp[65][4] = 176673179;
		dp[52][5] = 16813230;
		dp[26][10] = 26681205;
		dp[20][13] = 295047889;
		dp[13][20] = 295047889;
		dp[10][26] = 26681205;
		dp[5][52] = 16813230;
		dp[4][65] = 176673179;
		dp[2][130] = 83067364;
		dp[1][260] = 1048576;
		dp[261][1] = 2097152;
		dp[87][3] = 596519620;
		dp[29][9] = 293858488;
		dp[9][29] = 293858488;
		dp[3][87] = 596519620;
		dp[1][261] = 2097152;
		dp[262][1] = 4194304;
		dp[131][2] = 773605437;
		dp[2][131] = 773605437;
		dp[1][262] = 4194304;
		dp[263][1] = 8388608;
		dp[1][263] = 8388608;
		dp[264][1] = 16777216;
		dp[132][2] = 339467389;
		dp[88][3] = 1039958574;
		dp[66][4] = 416956597;
		dp[44][6] = 298695588;
		dp[33][8] = 91120010;
		dp[24][11] = 45058746;
		dp[22][12] = 883924328;
		dp[12][22] = 883924328;
		dp[11][24] = 45058746;
		dp[8][33] = 91120010;
		dp[6][44] = 298695588;
		dp[4][66] = 416956597;
		dp[3][88] = 1039958574;
		dp[2][132] = 339467389;
		dp[1][264] = 16777216;
		dp[265][1] = 33554432;
		dp[53][5] = 605304481;
		dp[5][53] = 605304481;
		dp[1][265] = 33554432;
		dp[266][1] = 67108864;
		dp[133][2] = 418129391;
		dp[38][7] = 445764581;
		dp[19][14] = 105566023;
		dp[14][19] = 105566023;
		dp[7][38] = 445764581;
		dp[2][133] = 418129391;
		dp[1][266] = 67108864;
		dp[267][1] = 134217728;
		dp[89][3] = 867243587;
		dp[3][89] = 867243587;
		dp[1][267] = 134217728;
		dp[268][1] = 268435456;
		dp[134][2] = 859581126;
		dp[67][4] = 379436510;
		dp[4][67] = 379436510;
		dp[2][134] = 859581126;
		dp[1][268] = 268435456;
		dp[269][1] = 536870912;
		dp[1][269] = 536870912;
		dp[270][1] = 1073741824;
		dp[135][2] = 193776685;
		dp[90][3] = 687847054;
		dp[54][5] = 130025389;
		dp[45][6] = 180118652;
		dp[30][9] = 89864942;
		dp[27][10] = 1036868276;
		dp[18][15] = 580898518;
		dp[15][18] = 580898518;
		dp[10][27] = 1036868276;
		dp[9][30] = 89864942;
		dp[6][45] = 180118652;
		dp[5][54] = 130025389;
		dp[3][90] = 687847054;
		dp[2][135] = 193776685;
		dp[1][270] = 1073741824;
		dp[271][1] = 1073741823;
		dp[1][271] = 1073741823;
		dp[272][1] = 1073741821;
		dp[136][2] = 153008657;
		dp[68][4] = 996681999;
		dp[34][8] = 571323539;
		dp[17][16] = 610277199;
		dp[16][17] = 610277199;
		dp[8][34] = 571323539;
		dp[4][68] = 996681999;
		dp[2][136] = 153008657;
		dp[1][272] = 1073741821;
